c
35
60
1920
1080
rgb
50
90
90
7
10
1
190
3
4
0.005
200
0.0005
500
0.0005
0.0021
300
const 65 105 105
3
1
40
60
70
0.000001
150
0.065
500
0.0015
0.3
250
black&white
2
380
14
3
6
0.07
25
0.13
70
0.013
0.011
350
green-purple
2
380
14
6
12
0.07
25
0.13
70
0.013
0.011
350
green-purple
2
380
14
12
16
0.07
25
0.13
70
0.013
0.011
350
green-purple
2
380
14
16
20
0.07
25
0.13
70
0.013
0.011
350
green-purple
2
65
35
2
9
0.02
40
0.1
75
0.007
0.01
120
purple-green
